0.069908246398
0.0709804669023
0.070792645216
0.070707552135
0.0715383216739
0.0739497765899
0.0806357786059
0.0927311554551
0.10377150774
0.113172471523
0.113575950265
0.113173529506
0.11306732893
0.111818864942
0.11436997354
0.117923155427
0.126694113016
0.13812507689
0.146571800113
0.152114138007
0.155867412686
0.160945162177
0.170857965946
0.180940032005
0.182711869478
0.183242946863
0.182958632708
0.183987796307
0.18590298295
0.190114885569
0.200475528836
0.210824564099
0.219883412123
0.227840349078
0.229305714369
0.2292663306
0.229027062654
0.228957504034
0.228859454393
0.228866606951
0.229050397873
0.227653115988
0.228027373552
0.228658944368
0.229285314679
0.229928851128
0.230068400502
0.230130627751
0.230156093836
0.229708388448
0.22952978313
0.229644820094
0.230100110173
0.230151936412
0.230032756925
0.231702536345
0.232979416847
0.233691215515
0.236217826605
0.237820059061
0.237963676453
0.236883550882
0.23638124764
0.236988976598
0.237377524376
0.236698463559
0.23580853641
0.235856086016
0.235910028219
0.23626883328
0.236294269562
0.236497163773
0.236737519503
0.237193435431
0.237596467137
0.237573698163
0.237695485353
0.237495332956
0.237705662847
0.237485855818
0.237354189157
0.236563056707
0.236227676272
0.236218884587
0.236314222217
0.236296534538
0.235913991928
0.234502643347
0.2356749475
0.23992395401
0.246648699045
0.253344297409
0.259018957615
0.264467000961
0.265961140394
0.266232132912
0.266259819269
0.265962183475
0.264388561249
0.26340803504
0.262302458286
0.261489152908
0.261307805777
0.260817736387
0.260465085506
0.260217487812
0.259526997805
0.259330362082
0.25928235054
0.258706688881
0.25899285078
0.259774178267
0.2593331635
0.258419156075
0.257425934076
0.257021218538
0.258046627045
0.25908562541
0.259321838617
0.262075066566
0.266446173191
0.266634374857
0.267775565386
0.268180310726
0.268313080072
0.267228871584
0.266162574291
0.263616412878
0.260677039623
0.256460696459
0.25212213397
0.250083893538
0.24868914485
0.247732520103
0.247689515352
0.247231200337
0.245991021395
0.246617883444
0.248696833849
0.251730561256
0.254708379507
0.254909694195
0.254992067814
0.255421191454
0.255901157856
0.256500422955
0.256286472082
0.256376415491
0.255973160267
0.256289452314
0.256130427122
0.257137149572
0.258205235004
0.25937718153
0.260224044323
0.261345535517
0.262742936611
0.263314187527
0.263742446899
0.264767587185
0.265062749386
0.265803009272
0.265768408775
0.264687240124
0.263730168343
0.262553036213
0.261745393276
0.25992551446
0.0676700398326
0.0711802467704
0.0731910914183
0.0748976916075
0.0750723332167
0.0749332234263
0.0738514512777
0.0734455287457
0.0731898099184
0.0730779618025
0.0721857771277
0.0704246088862
0.0699507296085
0.069550268352
0.0693271458149
0.0687121003866
0.068789280951
0.0679813250899
0.0679992139339
0.0681416839361
0.0678203254938
0.0686130672693
0.0699395015836
0.0703045129776
0.0704090744257
0.0718878060579
0.0721201002598
0.0725129917264
0.0731292590499
0.0737809017301
0.0738385245204
0.0739288628101
0.0751628726721
0.0757700353861
0.0754694864154
0.0763121321797
0.0779565498233
0.0814008712769
0.0837574824691
0.086014315486
0.0900912880898
0.0916231051087
0.0923657864332
0.0927245393395
0.0930420905352
0.0930617675185
0.093047298491
0.0930332168937
0.0939936041832
0.0947899445891
0.0950369387865
0.0953961014748
0.0942603349686
0.0935489982367
0.0938429310918
0.0950478240848
0.0944719314575
0.0917045176029
0.0912103205919
0.0917835608125
0.0927414894104
0.0954890549183
0.100967943668
0.110057786107
0.119205676019
0.126134186983
0.130216196179
0.131054803729
0.131563737988
0.132671281695
0.133527085185
0.133595451713
0.133324623108
0.131623879075
0.133217722178
0.136872202158
0.139389187098
0.139473110437
0.140807509422
0.14311376214
0.144480168819
0.144912406802
0.144935056567
0.144886404276
0.145732626319
0.146444872022
0.145772770047
0.14517095685
0.149342775345
0.156774148345
0.164953231812
0.172302484512
0.174755886197
0.17432589829
0.174740210176
0.175971925259
0.177655786276
0.178444355726
0.178835853934
0.182234123349
0.186763674021
0.188695371151
0.188892915845
0.189143940806
0.189492434263
0.188170686364
0.187061756849
0.186847612262
0.187761455774
0.191268756986
0.199161097407
0.209791153669
0.217376038432
0.220249250531
0.220987468958
0.220885425806
0.0711802467704
0.0731910914183
0.0748976916075
0.0750723332167
0.0749332234263
0.0739976242185
0.0737780705094
0.073750987649
0.0737509280443
0.0735741332173
0.0720830485225
0.0713562592864
0.0712765306234
0.0709243491292
0.0702970325947
0.0708258673549
0.0704503208399
0.0723388642073
0.0736837536097
0.0739983841777
0.0756982341409
0.0773234888911
0.0796045660973
0.0814958363771
0.0820210427046
0.0823720470071
0.0820495411754
0.0821155160666
0.0820762440562
0.0813372507691
0.081065043807
0.081153228879
0.0813487097621
0.0801741033792
0.0790771692991
0.0795534327626
0.0788825601339
0.0782209783792
0.0771361589432
0.076602011919
0.0756532400846
0.0746064335108
0.0731825008988
0.0721559524536
0.0710309147835
0.0699877515435
0.0686179846525
0.0681768283248
0.0660806745291
0.0644605606794
0.0628910288215
0.062969610095
0.0626871138811
0.0634727105498
0.0636576190591
0.0653621703386
0.0684918537736
0.0755743682384
0.0830038636923
0.0897835940123
0.0984118133783
0.105584584177
0.110914960504
0.116268113256
0.121841356158
0.123800195754
0.125277921557
0.128759890795
0.129819720984
0.129636228085
0.128626316786
0.12890483439
0.129361718893
0.12959638238
0.129918769002
0.130456537008
0.130846008658
0.131326526403
0.13120290637
0.131261378527
0.130968168378
0.130446299911
0.12800642848
0.125362440944
0.122166953981
0.121296428144
0.125238224864
0.13105289638
0.136260598898
0.141251191497
0.143131121993
0.144525617361
0.145685479045
0.145803779364
0.147606045008
0.150651320815
0.153142824769
0.153909534216
0.153674587607
0.153731793165
0.154080480337
0.153902173042
0.153237298131
0.153063461185
0.154227674007
0.155583038926
0.156405597925
0.157194286585
0.157983630896
0.157685667276
0.15754082799
0.15642079711
0.15474742651
0.153455644846
0.152084708214
0.151525169611
0.152099519968
0.151955991983
0.152677297592
0.152738496661
0.152840271592
0.152745485306
0.15281970799
0.151618540287
0.150768250227
0.14887663722
0.148281827569
0.146807819605
0.147038012743
0.148437038064
0.149555057287
0.150088608265
0.150377869606
0.150926142931
0.15055462718
0.150098845363
0.150333955884
0.150904297829
0.151162445545
0.152025163174
0.152030333877
0.151949837804
0.152029156685
0.152462527156
0.15291787684
0.153753846884
0.154180973768
0.154788345098
0.155283987522
0.155206665397
0.155807465315
0.0671931132674
0.069908246398
0.0709804669023
0.070792645216
0.070707552135
0.0715383216739
0.0739497765899
0.0806357786059
0.0927311554551
0.10377150774
0.113172471523
0.113575950265
0.113173529506
0.11306732893
0.111818864942
0.11436997354
0.117923155427
0.126694113016
0.13812507689
0.146571800113
0.152114138007
0.155867412686
0.160945162177
0.170857965946
0.180940032005
0.182711869478
0.183242946863
0.182958632708
0.183987796307
0.18590298295
0.190114885569
0.200475528836
0.210824564099
0.219883412123
0.227840349078
0.229305714369
0.2292663306
0.229027062654
0.228957504034
0.228859454393
0.228866606951
0.229050397873
0.227653115988
0.228027373552
0.228658944368
0.229285314679
0.229928851128
0.230068400502
0.230130627751
0.230156093836
0.229708388448
0.22952978313
0.229644820094
0.230100110173
0.230151936412
0.230032756925
0.231702536345
0.232979416847
0.233691215515
0.236217826605
0.237820059061
0.237963676453
0.236883550882
0.23638124764
0.236988976598
0.237377524376
0.236698463559
0.23580853641
0.235856086016
0.235910028219
0.23626883328
0.236294269562
0.236497163773
0.236737519503
0.237193435431
0.237596467137
0.237573698163
0.237695485353
0.237495332956
0.237705662847
0.237485855818
0.237354189157
0.236563056707
0.236227676272
0.236218884587
0.236314222217
0.236296534538
0.235913991928
0.234502643347
0.2356749475
0.23992395401
0.246648699045
0.253344297409
0.259018957615
0.264467000961
0.265961140394
0.266232132912
0.266259819269
0.265962183475
0.264388561249
0.26340803504
0.262302458286
0.261489152908
0.261307805777
0.260817736387
0.260465085506
0.260217487812
0.259526997805
0.259330362082
0.25928235054
0.258706688881
0.25899285078
0.259774178267
0.2593331635
0.258419156075
0.257425934076
0.257021218538
0.258046627045
0.25908562541
0.259321838617
0.262075066566
0.266446173191
0.266634374857
0.267775565386
0.268180310726
0.268313080072
0.267228871584
0.266162574291
0.263616412878
0.260677039623
0.256460696459
0.25212213397
0.250083893538
0.24868914485
0.247732520103
0.247689515352
0.247231200337
0.245991021395
0.246617883444
0.248696833849
0.251730561256
0.254708379507
0.254909694195
0.254992067814
0.255421191454
0.255901157856
0.256500422955
0.256286472082
0.256376415491
0.255973160267
0.256289452314
0.256130427122
0.257137149572
0.258205235004
0.25937718153
0.260224044323
0.261345535517
0.262742936611
0.263314187527
0.263742446899
0.264767587185
0.265062749386
0.265803009272
0.265768408775
0.264687240124
0.263730168343
